# #/home/benjamin/miniforge3/envs/skubi/bin/hicrep /home/benjamin/data/GSM4604278_1953.iced.mcool /home/benjamin/data/GSM4604290_990.iced.mcool scc/GSM4604278_1953_GSM4604290_990 --h 1 --binSize 1000000 --dBPMax 5000000
# 
         8.811462160176701e-01
         8.912875496094624e-01
         8.658917141887078e-01
         6.453097958544786e-01
         9.057739501728386e-01
         8.994776969773605e-01
         9.162464417772235e-01
         8.958121551966722e-01
         9.533715160440671e-01
         8.447787796447355e-01
         8.952666756726562e-01
         9.172759661545601e-01
         8.545936562860910e-01
         9.150659081844630e-01
         9.631165487036818e-01
         9.485322444307742e-01
         9.353128500210492e-01
         8.935222429684190e-01
         9.584311566866798e-01
         9.533626798101849e-01
         9.601592878547859e-01
         9.813436473644124e-01
         9.261628371021278e-01
