# #/home/benjamin/miniforge3/envs/skubi/bin/hicrep /home/benjamin/data/GSM4604276_868.iced.mcool /home/benjamin/data/GSM4604290_990.iced.mcool scc/GSM4604276_868_GSM4604290_990 --h 1 --binSize 1000000 --dBPMax 5000000
# 
         8.558266468032183e-01
         8.738594634524326e-01
         8.456339436234828e-01
         8.398836836471660e-01
         8.893851850418302e-01
         8.584910752443058e-01
         8.655293831152385e-01
         8.871140424514361e-01
         9.363683235929743e-01
         8.967308189011252e-01
         9.068032010721595e-01
         9.158670984300540e-01
         9.026895708772953e-01
         9.219204001679008e-01
         8.856782045031796e-01
         8.978348553088209e-01
         8.581100746797010e-01
         9.253412746865558e-01
         9.613937565000812e-01
         9.265541252853706e-01
         9.750270257690067e-01
         9.268170816019982e-01
         9.068395670242752e-01
