# #/home/benjamin/miniforge3/envs/skubi/bin/hicrep /home/benjamin/data/GSM4604278_1953.iced.mcool /home/benjamin/data/GSM4604278_1953.iced.mcool scc/GSM4604278_1953_GSM4604278_1953 --h 1 --binSize 1000000 --dBPMax 5000000
# 
         1.000000000000000e+00
         1.000000000000000e+00
         1.000000000000000e+00
         1.000000000000000e+00
         1.000000000000000e+00
         1.000000000000000e+00
         1.000000000000000e+00
         1.000000000000000e+00
         1.000000000000000e+00
         1.000000000000000e+00
         1.000000000000000e+00
         1.000000000000000e+00
         1.000000000000000e+00
         1.000000000000000e+00
         1.000000000000000e+00
         1.000000000000000e+00
         1.000000000000000e+00
         1.000000000000000e+00
         1.000000000000000e+00
         1.000000000000000e+00
         1.000000000000000e+00
         1.000000000000000e+00
         1.000000000000000e+00
