# #/home/benjamin/miniforge3/envs/skubi/bin/hicrep /home/benjamin/data/GSM4604290_990.iced.mcool /home/benjamin/data/GSM4604276_868.iced.mcool scc/GSM4604290_990_GSM4604276_868 --h 1 --binSize 100000 --dBPMax 5000000
# 
         6.525359961439751e-01
         6.917035212756586e-01
         6.617092391701194e-01
         6.276923191000893e-01
         6.754796198867555e-01
         6.692804838299180e-01
         6.812041971332746e-01
         6.979990915317975e-01
         6.947336562598533e-01
         6.937651855911873e-01
         6.820513970914253e-01
         7.177112752692556e-01
         6.685890893603881e-01
         7.045207347720246e-01
         6.812390187528845e-01
         7.381167638421338e-01
         6.477919149578748e-01
         6.475931218948143e-01
         7.333516328201295e-01
         7.017633355354304e-01
         7.652624151551386e-01
         6.675657976076754e-01
         6.077236929756010e-01
