# #/home/benjamin/miniforge3/envs/skubi/bin/hicrep /home/benjamin/data/GSM4604276_868.iced.mcool /home/benjamin/data/GSM4604278_1953.iced.mcool scc/GSM4604276_868_GSM4604278_1953 --h 1 --binSize 1000000 --dBPMax 5000000
# 
         8.710702321068413e-01
         8.330493166373208e-01
         7.837327287232797e-01
         6.099009028094470e-01
         8.625488316093034e-01
         8.280231024462927e-01
         8.835313166970956e-01
         8.679637246841588e-01
         9.128724458781442e-01
         8.128065517318159e-01
         8.754001468584499e-01
         8.912795880474872e-01
         8.061157246150389e-01
         8.484288020105807e-01
         9.068107659628967e-01
         9.072346124058666e-01
         8.714476716370395e-01
         9.020053830260399e-01
         9.517908963696377e-01
         9.206740124373923e-01
         9.435714478767697e-01
         9.341261983217185e-01
         8.914912225008417e-01
