# #/home/benjamin/miniforge3/envs/skubi/bin/hicrep /home/benjamin/data/GSM4604290_990.iced.mcool /home/benjamin/data/GSM4604278_1953.iced.mcool scc/GSM4604290_990_GSM4604278_1953 --h 1 --binSize 100000 --dBPMax 5000000
# 
         6.874698460186572e-01
         7.468299093565931e-01
         6.951923935903171e-01
         5.904935749557594e-01
         7.151433309954176e-01
         7.250793928423171e-01
         7.551485000932753e-01
         7.284134373394691e-01
         7.549195278717009e-01
         6.991034413849296e-01
         6.912978638012653e-01
         7.537845785090940e-01
         6.702236569261498e-01
         7.170493959968594e-01
         7.692967187996299e-01
         8.038143623622140e-01
         7.439248441756489e-01
         6.375870993866817e-01
         7.861535311065034e-01
         7.444557839868868e-01
         7.631460803701183e-01
         7.629958544350772e-01
         6.609178604332138e-01
