# #/home/benjamin/miniforge3/envs/skubi/bin/hicrep /home/benjamin/data/GSM4604278_1953.iced.mcool /home/benjamin/data/GSM4604276_868.iced.mcool scc/GSM4604278_1953_GSM4604276_868 --h 1 --binSize 100000 --dBPMax 5000000
# 
         6.238484020852911e-01
         6.473316789015870e-01
         5.951497334790621e-01
         4.983492974366728e-01
         6.332454385753392e-01
         6.073882908459580e-01
         6.457078611894351e-01
         6.653546443591272e-01
         6.379139249240633e-01
         6.286489564332849e-01
         6.293095467413037e-01
         6.724038363712089e-01
         5.747224981489572e-01
         6.062322305349341e-01
         6.724371998637987e-01
         7.179173097666305e-01
         6.416930881185986e-01
         5.889006932535006e-01
         7.021150335360722e-01
         6.571924405731439e-01
         6.805115268488373e-01
         6.295315898676114e-01
         5.647834278549647e-01
